2456271.73341416
2456271.73500032
2456271.73658732
2456271.73817571
2456271.73976282
2456271.74134749
2456271.74293369
2456271.74452332
2456271.74611159
2456271.74770068
2456271.74928778
2456271.75087894
2456271.75246511
2456271.75405489
2456271.75564094
2456271.75722936
2456271.75881575
2456271.76040088
2456271.76198718
2456271.76357476
2456271.76516428
2456271.76675049
2456271.76834025
2456271.76992679
2456271.77151205
2456271.77309939
2456271.77468441
2456271.77627288
2456271.77785921
2456271.77944909
2456271.78103771
2456271.78262386
2456271.78420996
2456271.78579646
2456271.78738357
2456271.78896966
2456271.79055909
2456271.79214536
2456271.79373366
2456271.79532109
2456271.79690739
2456271.79849393
2456271.80008127
2456271.80166733
2456271.80325306
2456271.80484315
2456271.80642912
2456271.80801634
2456271.80960357
2456271.81119091
2456271.81277593
2456271.81436548
2456271.8159527
2456271.81753909
2456271.81912679
2456271.82071402
2456271.82229999
2456271.82388638
2456271.82547464
2456271.82706315
2456271.82864829
2456271.83023819
2456271.83182643
2456271.83341008
2456271.83499799
2456271.83658381
2456271.83817187
2456271.83975802
2456271.84134736
2456271.84293386
2456271.84452121
2456271.84610843
2456271.84769682
2456271.849283
2456271.8508693
2456271.85245628
2456271.85404375
2456271.85563019
2456271.85721971
2456271.85880518
2456271.86039368
2456271.8619779
2456271.86356643
2456271.8651513
2456271.86674106
2456271.86832703
2456271.86991574
2456271.87150067
2456271.87308906
2456271.87848769
2456271.88007492
2456271.88166315
2456271.88324924
2456271.88483852
2456271.88642321
2456271.88801139
2456271.88959721
2456271.89118444
2456271.89277038
2456271.89435829
2456271.89594644
2456271.89753378
2456271.89912207
2456271.90070671
2456271.90229289
2456271.90387957
2456271.90546757
2456271.90705724
2456271.90864318
2456271.91023169
2456271.91181903
2456271.91340613
2456271.91499207
2456271.9165776
2456271.91816572
2456271.91975503
2456271.92134332
2456271.92292995
2456271.92451706
2456271.92610264
2456271.92768953
2456271.92927628
2456271.93086279
2456271.93245109
2456271.93404028
2456271.93562798
2456271.93721368
2456271.93880043
2456271.94038732
2456271.94197407
2456271.9435607
2456271.94514786
2456271.94673473
