616535.2 664848.1
648838.1 701866.9
658861.9 713444.5
624125.7 672933.1
617319.5 666321.6
669952.1 724187.9
681618.3 736982.9
675004.1 728945.9
675738.4 729551.2
691583.6 745554.9
694227.1 747760.6
682482.1 740020.5
681383.6 737748.4
679937.9 733773.1
684014.9 741697.6
688034.6 745598.6
680962.5 735498.4
700137.9 755111.7
689870.7 746673.9
672314.1 727506.1
680226.1 734562.1
680286.9 735155.9
641496.6 694786.7
671438.1 723961.3
641559.8 693126.7
681640.7 737163.5
699575.7 758378.5
690579.6 747492.1
700299.9 758502.1
701033.2 762274.9
684525.4 743640.5
688614.4 749896.4
662913.8 720911.1
693051.2 756709.1
675968.2 737539.4
640935.7 700459.9
644364.4 701828.4
607292.9 664467.9
593940.1 649563.1
652520.7 714145.4
591346.9 647262.9
642977.4 704246.1
688548.9 754616.1
686007.6 751697.9
679328.5 744955.5
668033.6 731259.9
684537.3 748779.7
701755.1 767326.6
701414.6 768957.4
685354.1 750867.6
693798.4 762417.9
704521.4 772888.7
699420.8 765475.
683308.9 748771.4
693910.4 760313.3
697490.6 765514.1
692742.2 759029.3
676727.2 744020.6
703685.1 773278.8
659736.9 723496.4
687574.4 753663.8
717495.3 787253.9
721290. 792322.
707826.7 778289.6
718224.6 786671.8
703379. 773883.5
722863.9 792851.9
694857.3 761639.4
729149.1 801383.6
721318.4 792708.2
705966.8 774915.8
722455.3 792573.2
726854.4 797506.
693880.8 762133.7
699077.2 764114.
727543.8 798355.7
721519.5 789386.9
709372.1 777114.5
721451.3 789648.9
728316.5 797390.4
743893.8 813740.1
720816.8 788610.7
719880.8 787106.6
726735.6 794800.2
726474.1 795033.4
728162.9 794112.9
750560.9 819425.5
718739.7 786072.3
715203.4 778132.4
720335.4 780797.7
699544.4 757091.2
735588.2 795497.4
747090.2 808277.9
742781.6 804408.1
733648.9 795049.3
759481.8 821992.9
760626.5 823764.7
761454.9 823478.7
760262.4 821878.8
757345.4 820100.2
762477.1 823528.1
757091.9 819912.7
754772.1 816945.3
752400.3 814263.7
745774.5 806817.2
748517.9 810745.5
751596.8 813941.6
757763.4 820185.5
753021.4 813985.3
746110.9 807928.8
697418.7 754901.5
742128.9 802604.8
743446.8 803916.9
756227.3 819534.8
732891.3 792658.4
743331.9 805366.5
749078.6 809997.5
750475.7 814024.8
754523.2 816658.3
751374.1 814061.6
741951.6 803315.1
735876.8 796398.6
751308.6 814306.4
745346.3 807186.6
739938.2 801880.9
745735.1 806562.1
747958.8 809203.8
755631.6 818452.3
753347.4 814592.9
740747.5 800336.3
756514. 819173.4
759446.1 822749.9
755839.1 817199.2
