546556.2 589234.1
595786.7 644089.7
611073.4 660951.7
555790.2 599134.7
546273.8 589616.2
626697.3 676712.9
646590.1 698533.4
632080.2 680955.3
637285.4 687206.7
661923.1 713201.2
663210.4 714216.4
642859.3 696805.3
638804. 691070.6
634262.7 684210.4
641713.5 695692.4
645855.6 699420.6
632145.1 681942.9
663559.2 715214.5
645437.6 698235.5
615626.9 666474.8
627129.1 675877.1
630833.4 681039.8
567896.9 614545.8
613520.4 660977.9
565377.3 610651.9
627771.8 677982.9
657800.8 712827.9
641309.6 693751.5
655839. 709918.4
659338.9 716164.6
630381.9 684602.9
635819.8 692267.8
595002.1 646610.4
641300.6 699303.3
614656.4 669779.2
562335.6 614296.3
567964.8 618228.8
519419.8 568753.6
501472.4 547871.4
576651.6 630583.
496648.3 543363.7
563542.2 617110.5
631532.2 692270.9
629594.2 689748.4
617939.7 677603.1
599350.3 655740.7
621921.6 680230.9
651164.9 711800.3
650922.8 713762.3
622957.7 682206.9
637098. 699919.3
655635.5 719035.6
645880.6 706119.
622714.3 681399.4
636883.5 697807.1
640124.5 701850.8
636023.5 696297.3
607127.7 666992.3
652201.2 716664.2
580733.2 636747.
623694.8 682809.5
674127.7 739015.4
678800. 745514.1
656877.6 721935.7
674366.6 738757.
650766.3 716049.8
680619.6 745320.5
635552.9 695866.5
693048.5 761542.7
678610.6 745545.3
651535. 714656.7
680219.8 745989.8
685771.7 752113.2
631434.6 692596.6
640195.9 699207.6
685085.2 751773.6
673358.6 736878.6
654255.4 716563.8
672638.4 735802.5
683626.6 747619.1
712687.3 779344.6
673741.8 736837.4
668192.8 729707.5
679087. 742432.9
677035.4 740549.8
679259.6 740696.3
720292.3 786180.4
665834.2 728329.3
658293. 716105.5
662837.3 718334.
631570.6 683940.
686931.3 743042.3
708083.1 765846.5
702371.5 760327.2
686596.9 743130.1
731958.6 792203.1
733596.6 794357.3
734822.3 794526.3
731874.3 790819.
728920.1 788787.6
737529.8 796010.6
726892.4 787043.9
721639.8 780468.2
717302.4 776094.6
704979.7 762408.3
710981.7 769748.6
715526.9 774859.1
727326.9 787084.9
718301.5 776002.3
705152.3 763118.6
625400.5 677099.6
698758.6 755282.
700912.5 757175.8
724395.8 784378.6
683110.5 738851.9
699996.8 758241.9
711007.4 768520.7
711692.4 771843.9
719866.1 778743.2
713207. 772266.5
695659.5 752738.1
687217.3 742386.6
714062.2 772945.5
703408. 760917.6
693171.4 750140.6
703652.3 760360.4
707821.5 765470.6
724278.3 783970.7
718926.4 776552.9
693903.2 749162.8
725684.7 784596.6
732100.1 792735.4
725269.3 783800.4
