668609.3 721712.1
684876.7 741166.6
690573.4 747961.2
675265.4 728367.2
671046.6 725178.4
698105.1 755179.4
704664.4 762185.6
702813.4 759534.7
701735. 758211.4
711352.4 767067.7
715788.7 770235.4
708785.1 768785.1
709427.7 768501.6
709892.9 766538.6
711976.1 772436.6
715406.6 775366.8
713795.1 771145.1
722900.3 780031.4
718724.7 778226.
711206.8 769873.1
716056.9 773964.9
715621.7 773961.7
697834.3 756169.2
713434.5 770175.
699621.3 756494.2
719108.5 778408.
727781.7 789108.2
724881.9 784651.9
729492.4 790533.7
728986.5 792811.
721998.3 784352.1
724969.7 788854.6
712604.6 775169.5
727409.3 794529.8
719182.1 785088.1
701435.2 766749.7
702725.9 766426.7
682052.2 746590.4
674682.7 737991.2
709296.2 776412.4
674587.3 738660.1
704605.2 771701.3
727511.9 797185.4
725835.1 795510.1
723861.2 793984.6
719134.2 787480.1
728313.2 796970.4
735522. 804584.1
735179.7 806316.9
728782.7 798696.6
732830.9 805129.3
737587. 809126.4
736532.6 806109.1
727329.5 797492.8
733261.8 803726.4
736620.6 808584.9
732529.8 803032.1
726957.9 799335.
738971.1 812435.1
719594.4 789210.7
733145.7 803963.2
746444.2 818929.4
748969.2 822658.4
742587.1 816439.9
748172.5 819129.3
739786.1 813986.6
750505.2 823660.3
737606.1 808613.6
753194.7 827816.5
749617.4 824060.9
743248.7 816171.9
751235.3 824262.6
753922.4 827522.3
738126.9 811422.1
741157.5 811224.4
755456.2 828845.3
753350.4 824318.9
747338.1 818562.3
753750.4 825300.4
757500.5 829537.
764398.8 836209.2
753537.3 824701.8
754577.3 825346.
758227.9 829392.3
758875.5 830925.3
760252.9 829278.4
769825.4 840538.2
754510.1 825347.5
754617.6 821770.6
759822.4 824187.9
749387.7 811225.7
767550. 830163.7
772254.8 835720.6
769908.8 833730.6
765047.6 829560.2
777347.6 841434.9
777953.6 842786.7
778779. 842298.8
778712.5 841814.9
776554.4 841024.9
778997.6 841898.2
776928.1 841591.4
776568.6 840647.
775241.9 839144.7
772309.1 835750.6
773011.6 837255.4
774897.3 839078.4
777805.9 842176.
775407.9 838246.4
772612.8 836716.3
750067.9 811629.1
770399.1 833041.6
771511.4 834474.1
776970.6 842117.4
766684.9 829337.4
771580.1 836166.9
774297.3 837432.3
774989.9 840930.1
776674.8 840943.6
775542.7 840368.
771317.9 835151.9
767992.2 831367.5
775021.7 840433.2
772501.3 836934.
770368.6 835008.9
772456.9 835977.4
773563.9 837267.8
775898.7 840920.7
775500.1 838821.8
771127.5 833745.8
776200.6 840876.6
777319.6 842539.1
776166. 839615.4
