494610.7 532138.6
552894.3 597880.8
572509.4 618713.7
505916.6 544658.5
494095.3 532093.1
590837.4 637585.5
615479.1 665074.1
595153.4 641033.6
604578.4 652281.5
635982.7 684990.1
637004.7 685066.1
609514.9 659195.4
602802.1 652062.6
596248.1 642414.5
605175.8 655884.4
609388.2 659019.8
592103.6 638841.9
631760.3 680066.4
607304.3 657080.6
571081.1 617875.1
584209. 629569.4
590988. 637620.7
513588.1 555323.3
568100.4 611864.9
510520.1 550014.1
584632.4 631208.8
623841.7 674715.8
600749.9 648921.2
618715.1 669304.8
623776.5 677253.8
587476.8 636907.2
594056.7 646733.6
542461.9 589513.9
598237.6 652329.
567057.6 617454.3
505888.8 552430.1
513209.2 557634.4
460138.9 503194.
439885.7 481279.9
520498.4 570280.8
433061.8 474709.5
507192.1 554795.7
586342.1 642015.8
584855.4 640166.5
570058.7 624497.4
546349.9 597877.
573341.8 625481.3
610411.7 666106.9
608707.3 667013.2
574596.1 628950.3
592867.2 650961.3
615548.7 674713.1
601647.1 658659.7
575522.8 628404.7
591914. 647002.4
593504.1 649666.8
589969.2 645910.8
554658.9 609144.3
610116.5 669818.8
523434.4 575034.6
572717.2 627356.2
637267.6 698345.4
641946.4 705547.5
615650.4 675361.9
638608.8 698985.2
608255.4 669290.1
644516.7 705611.2
588889.4 644904.5
662187.7 727165.7
642369.3 705915.9
607108.1 665932.2
644341. 706487.4
651390.4 714591.6
581775.1 638671.3
593805. 648352.8
648968.3 711703.1
633610.1 692189.3
609809.1 668351.9
632840.6 691323.7
644314.1 705498.4
684619.2 749269.8
635865.4 695827.8
625894. 683534.1
638869.6 698587.
635689.4 695144.1
638516.3 695319.6
692782.7 756833.7
622854.5 680083.6
613183.6 665770.5
616225.8 666793.9
580309.6 627920.9
647290.2 700245.6
673985.8 729174.
667016.3 722399.4
646916.9 699477.8
707552.8 765221.4
709265.6 767803.1
711146.8 768254.4
706114.6 762967.9
703961.7 761877.6
714837.9 770792.6
699549.4 758417.6
691820. 748592.5
686395.2 743035.7
668833.2 722963.2
678287.3 734101.1
683464.6 739964.1
699992.2 757078.2
686705.1 741816.1
669121.3 723485.4
571026.4 618857.4
660663. 714872.6
663986.9 716641.9
696150.3 753697.6
642640.1 694341.
663149.8 717551.9
679047. 732741.5
677420.8 733575.3
688547.4 744903.4
679474.4 736237.2
655685.8 709261.3
645364.4 697456.4
680105.6 736619.8
666172.4 720728.3
652936.2 706291.4
667431.7 720679.6
673646.6 727716.9
697090.6 752500.9
688178.2 743419.3
655162. 707014.4
698484.6 754859.4
706887.7 765288.5
697846.1 753654.2
