655961. 707641.3
676347.9 731998.2
683196.9 739935.9
662878.4 714821.1
657776.2 710494.9
691533.2 747969.
699158.4 756249.9
696277.8 752398.1
695507.9 751394.3
706593.3 761963.4
710141.7 764784.6
702670.1 762005.3
702811.6 761199.5
702878.9 758843.4
705308.5 765174.1
708975.5 768328.4
706132.9 762891.6
717688.8 774276.1
711889.3 770749.6
701972.7 759810.9
707580.3 764731.9
707044.6 764458.7
683939.9 740959.4
703122.6 758959.2
685352.4 740845.1
710088.6 768581.8
721179.4 781784.3
716651.7 775712.7
722731.3 783076.7
722369.1 785544.4
713131. 774687.6
716431.3 779641.
700465.3 761859.3
719352.1 785614.9
708923.9 773809.4
686471.4 750391.1
688532.8 750496.6
662889.7 725573.9
653818.9 715399.9
695505.6 761344.2
652848.6 715029.6
689426.1 755060.2
718375.8 787155.8
716262.7 784902.8
713040.4 781968.9
706602.7 773769.1
717961.8 785463.1
727728.8 795751.6
727206.7 797460.4
718522.7 787348.2
723754. 795081.9
729862.4 800566.3
727668.9 796470.4
716629.3 785658.9
723913.3 793252.6
727396. 798357.6
722980.5 792476.8
714917.3 786123.8
730522.4 803089.6
705033.4 773442.7
722105.9 791927.7
739558.5 811398.4
742443.9 815611.4
734433.7 807325.4
741125.5 811441.1
731067.9 804455.8
743989.8 816425.4
727251.9 797270.3
747452.3 821535.6
742864.5 816656.
734234.8 806311.1
744373. 816576.1
747591.6 820581.4
727442.7 799691.9
730882.6 799758.9
748982.2 821674.6
745894.5 816065.7
738267.3 808857.1
746321.9 816992.8
750610.8 822025.6
759567.3 830907.2
745721.1 816104.4
746414.3 816382.8
750785.8 821312.6
751269.7 822461.3
752679.7 820955.5
765241.6 835631.6
746125. 815935.8
745152.6 811180.4
750404.7 813835.6
737331.4 798002.
760135.1 822140.3
766388.1 829320.
763416.1 826748.1
757648.3 821391.9
773112.6 836755.
773821.4 838255.9
774645.6 837758.4
774327.5 837119.3
771918.2 836124.3
774975.6 837428.9
772187.8 836456.8
771375.6 835033.1
769867.4 833374.4
766094.6 828904.9
767247.7 830996.8
769458.5 833137.3
773000.2 836881.4
770092.4 832445.8
766329.7 829954.6
737342.9 797898.9
763706.2 826014.9
764782.7 827260.1
772071.8 836792.4
758647.7 820558.9
764957.3 828885.8
768403.2 830967.3
769341.9 834552.9
771517.1 835161.3
769895. 834313.2
764594.6 827822.2
760452.7 823263.1
769429.3 834368.2
766090.1 829925.6
763289.4 827212.7
766300.9 829165.4
767626.3 830667.7
771154.4 835546.5
770207.3 833160.2
764148.7 825996.9
771577.2 835754.8
773025.4 837717.4
771265.4 834154.9
