586454.5 631975.6
626629.7 677800.
639306.8 691824.
594843.2 641072.3
586731.3 632744.1
652189.2 704702.1
667082.5 721208.1
657434.9 709519.3
659885.5 712208.9
679583.1 732355.9
681662.7 734013.8
666319.5 722249.9
663877.4 718569.1
661099.5 713238.7
666418.1 722641.4
670694.6 726690.1
660802.6 713290.5
685384.1 738983.8
671539.8 726782.6
648690.5 701892.1
658209.4 710303.5
659366.3 712365.4
609634.1 659915.8
646732.9 697205.2
608751.7 657307.3
659135.6 712574.6
682442.3 739486.2
669730.7 724715.6
682066.4 738555.1
683679.3 743127.9
662048. 718798.9
666745.2 726035.8
633652.9 689090.2
671569.7 732955.4
650146.3 708971.4
606782.3 663009.3
611594.1 665543.9
567980. 621251.2
552291. 604121.4
619805.6 678467.5
548259.7 600287.1
608727. 666310.1
664721. 728413.6
662194.5 725400.9
652992.6 716060.1
638216.4 698724.6
658254.3 719585.2
680945.2 744206.7
680279.1 745831.9
658969.5 722030.7
670334.6 736310.5
684323. 750584.4
676740.8 740690.4
657536.3 719889.
670103.9 733776.
673354.8 738812.7
668722.2 732531.2
647205.2 711181.4
681986.8 749333.9
625704.6 686447.5
660214.8 723522.4
699580.1 767252.2
703684.1 773155.7
686704.8 754610.
700079.6 766789.5
681419.4 749725.1
705565.8 773549.4
669713. 733858.2
714343. 784873.6
703562.7 773366.
683032.8 749709.8
704830.8 773160.7
710106.1 779081.9
667353.9 732942.3
673957.2 736579.
710093.9 779030.3
701799.1 767683.5
686355.6 751968.1
701617.9 767447.3
709802.6 776994.9
731096.1 799775.5
701315.2 767243.7
698611.6 763439.1
706978.5 773236.1
706007.7 772392.3
707972.8 772014.3
738183.8 805974.
696842.1 761757.7
691339. 751817.9
696110.2 754398.1
670644.1 725839.4
715646.1 773974.1
731141.7 790935.1
726004.6 786131.5
714186. 773359.9
748353.1 809696.5
749637.5 811760.9
750648.9 811615.3
748653. 809263.9
745680.2 807403.9
752233.8 812176.2
744690.8 806636.2
741161.4 802021.6
738055.4 798636.7
728990.9 788451.2
733123.9 794036.1
736901.6 797952.4
745263.8 806544.4
738834.2 798360.6
729312.9 789496.7
666697.3 721787.1
724154.4 783417.3
725890.6 784721.4
743236.6 805384.7
712349.8 770231.6
725650.3 786101.
733748.4 792914.5
734880.6 796751.
740346.9 801261.2
735882.8 797344.6
723190.4 782875.3
715804.9 774426.7
736066.8 797591.6
728111.4 788172.1
720683.4 780765.2
728678.6 787881.5
731740.8 791400.5
743089.8 804208.1
739259.4 799309.6
721740.4 779437.3
744098.7 805318.4
748223.6 810396.6
743259.6 803399.7
