639049.3 689443.4
664816.3 719240.6
672894.4 728739.9
646158.6 696748.1
640313.1 691523.5
682427.2 737996.1
691911.1 748230.2
687376.8 742562.2
687150.9 742101.2
700227.6 754988.1
703384.3 757600.1
694203.4 752803.6
693796.6 751261.6
693202.8 748359.6
696413.9 755363.9
700196.9 758863.4
695525. 751311.8
710363.1 766352.4
702656.7 760664.3
689429.4 746188.9
696102.7 751950.4
695677.7 752017.1
665697.7 721099.4
689574.1 744010.1
666384.3 720337.6
698036.6 755204.1
712082.3 771948.4
705647.9 763825.3
713369.3 772719.5
713425.8 775844.4
700982.3 761629.4
704655.4 767008.6
684516.9 744461.9
708359.1 773527.7
694868.4 758414.8
666799.2 728912.3
669402.1 729438.4
638405.3 698735.8
627437.2 686150.7
677097.4 740999.3
625818.8 685133.6
669271.6 733096.9
705784.4 773527.4
703359.6 770859.
698681.6 766264.6
690202.9 755650.4
703738.6 770058.2
716749.8 783823.2
716436.3 785553.8
704508.4 771972.3
711041.2 781226.4
719193.4 788867.7
715844.2 783425.5
702368.5 770049.1
711190.1 779388.4
714830.6 784649.3
710239. 778334.5
698639.5 768148.5
719200.5 790617.4
685597.7 751893.8
707538.3 775806.6
730302.1 801269.
733597.7 805921.2
723178. 795130.4
731371. 800972.2
719337.4 791491.7
735101.3 806517.5
713471.1 782053.7
739676.9 813039.1
733904.8 806596.9
722371.4 793092.6
735100. 806539.9
738812.9 810844.2
713292.4 783691.2
717300.9 784567.6
740024.9 812001.7
735630.9 804877.7
726063.9 795426.8
735830.8 805538.5
741444.1 811777.4
753008.2 823699.6
735104.9 804293.8
735182.9 803937.4
740779.4 810180.6
740909.6 810956.1
742414.9 809734.6
759157.8 828828.9
734567.4 803398.6
732417.7 797241.1
737764.6 800056.6
721061.7 780448.3
749771.3 810911.6
758311.2 820545.8
754763.6 817409.3
747567.7 810368.8
767354.9 830606.2
768268.9 832215.4
769130.4 831766.8
768430.6 830741.3
765723.6 829340.7
769673.2 831544.9
765875.2 829479.6
764424.1 827488.3
762514.5 825362.
757602.2 819756.4
759388.1 822550.1
762016.6 825185.8
766614.5 829914.1
762967.1 824771.3
757917.3 820778.8
720311. 779488.1
754665.6 816159.9
755868.1 817492.
765398.4 829485.
747690.5 808714.
755890.2 819023.2
760259.9 822087.1
761453. 826090.1
764449.6 827464.
762156.1 825882.2
755170.2 817596.9
750163.9 811966.2
761945.1 826010.
757452.1 820462.8
753490. 816632.1
757685.4 819742.7
759381.5 821666.
764608.7 828411.7
763172.1 825341.6
754338. 815256.5
765239.1 828777.7
767355.1 831455.3
764781.7 827065.3
