466.412 483.927
471.731 490.721
473.414 492.051
467.635 485.987
467.479 485.135
476.07 493.666
478.541 496.505
477.85 495.899
477.279 494.529
479.932 496.932
481.757 499.262
478.927 498.23
479.486 497.368
480.191 498.419
480.162 500.395
481.989 500.667
482.174 499.896
484.12 502.391
483.067 501.082
480.52 498.22
481.782 499.977
483.349 499.783
476.654 498.261
481.207 499.082
477.786 495.335
482.318 502.678
485.923 505.122
483.411 504.549
486.421 505.457
485.791 505.115
483.292 505.497
484.998 504.155
481.217 500.015
485.42 506.673
482.913 503.438
477.291 499.576
478.898 499.289
471.037 493.969
469.123 492.221
480.41 501.691
469.824 492.764
477.87 500.254
484.485 506.478
484.819 506.003
484.493 507.066
481.647 504.673
484.044 506.461
487.587 509.367
487.648 510.354
485.613 508.713
486.779 509.412
488.144 511.556
487.254 511.985
486.457 508.973
487.426 510.412
487.523 511.299
489.311 509.774
485.109 507.072
488.693 511.878
484.359 504.982
488.211 510.794
491.744 513.752
492.245 515.687
490.588 513.366
491.944 514.536
489.683 513.901
492.935 516.35
487.825 510.727
493.154 517.896
492.787 515.756
492.645 515.308
493.062 515.003
494.535 517.185
487.688 513.588
491.228 511.453
494.436 517.325
492.633 515.394
492.994 514.254
492.954 517.393
494.985 518.258
497.219 519.713
494.892 516.546
493.987 517.236
494.737 517.09
494.525 517.466
494.846 516.418
499.314 520.482
493.936 516.282
493.798 513.795
495.177 516.887
492.411 513.042
498.457 516.714
500.188 518.829
498.569 519.361
496.31 516.33
500.913 520.722
501.2 520.767
501.979 521.33
501.852 520.526
500.491 520.355
502.352 520.617
500.998 520.566
499.697 520.064
501.123 520.239
499.216 518.71
500.659 520.433
500.026 520.369
501.011 521.71
501.412 519.634
499.933 519.077
494.413 511.826
498.832 517.673
498.993 518.235
500.819 520.83
499.119 516.765
498.098 518.985
500.01 519.239
500.42 520.251
500.148 520.387
499.905 520.795
498.889 519.201
498.565 518.655
499.782 520.064
499.644 519.866
498.339 518.408
500.476 518.351
498.621 519.24
500.426 520.843
500.851 519.876
498.37 518.754
500.418 520.2
500.204 521.104
500.012 519.415
