419.758 435.629
437.126 454.48
442.305 459.727
422.684 439.045
419.857 435.887
447.773 464.671
454.7 472.083
449.763 466.457
451.432 468.094
459.489 476.335
460.204 477.295
453.051 471.475
451.876 469.28
450.593 467.777
452.832 471.616
454.535 472.542
450.255 467.085
460.296 477.688
454.448 471.985
444.32 461.553
448.123 464.818
450.188 466.524
428.07 446.3
443.721 460.18
427.444 443.593
448.216 466.196
458.604 477.066
452.483 471.344
457.943 476.076
458.924 477.652
449.113 468.838
451.296 470.105
437.533 455.273
452.978 472.751
444.038 463.04
425.931 445.442
428.41 446.669
410.541 430.154
404.146 423.126
431.255 450.525
402.776 421.787
426.183 446.055
449.297 470.115
449.075 469.368
445.31 466.187
438.372 458.827
445.788 466.313
456.131 476.686
456.17 477.552
446.778 467.709
451.473 472.862
457.616 479.369
454.188 475.871
447.335 467.792
451.663 472.874
452.348 473.912
452.358 472.18
441.474 462
456.588 478.406
433.111 452.429
447.699 468.217
464.136 485.383
465.535 487.76
458.468 480.213
464.072 485.63
456.451 478.902
466.222 487.877
450.909 471.795
470.002 493.074
465.648 487.658
457.593 478.819
466.094 487.497
468.144 489.856
449.388 471.654
453.52 472.895
467.687 489.687
463.366 484.789
458.094 478.617
463.195 485.182
467.224 488.709
476.624 498.262
464.507 485.243
462.142 483.212
465.552 486.619
464.7 486.031
465.391 485.819
479.258 500.126
461.351 482.427
458.859 477.974
460.292 479.727
450.112 468.757
468.508 486.535
475.455 493.814
473.275 492.638
467.811 486.505
482.674 501.985
483.234 502.473
483.856 502.836
482.889 501.407
481.664 500.811
484.857 503.041
481.194 500.321
479.027 498.231
478.421 497.139
474.047 492.74
476.492 495.53
477.416 496.847
481.228 500.794
478.857 496.985
474.388 492.979
448.872 465.918
472.149 490.375
472.78 491.067
480.312 499.549
467.724 485.418
472.05 491.518
476.045 494.623
476.337 495.666
478.614 497.809
476.541 496.037
471.007 489.99
468.623 487.018
476.844 495.943
473.724 492.625
470.127 488.895
474.118 491.876
474.502 493.699
480.211 499.616
478.793 497.148
470.247 488.888
480.617 499.479
482.438 502.194
480.364 499.118
