436.02 452.345
449.428 467.405
453.508 471.428
438.409 455.343
436.378 452.759
457.893 475.173
462.953 480.713
459.807 477.219
460.465 477.521
466.6 483.586
467.66 484.91
462.268 481.001
461.72 479.462
461.149 478.701
462.501 481.772
464.301 482.693
461.558 478.832
468.859 486.601
464.656 482.529
457.248 474.682
460.195 477.575
461.55 478.184
444.787 463.99
456.74 473.752
444.865 461.462
460.342 479.146
468.236 486.967
463.364 482.908
468.107 486.632
468.363 487.493
461.326 481.686
463.281 482.446
452.72 471.065
464.622 485.055
457.815 477.476
443.671 464.095
445.895 464.764
430.612 451.025
425.486 445.88
448.347 468.549
424.601 444.906
444.138 464.753
461.955 483.208
461.659 482.344
458.918 480.402
453.406 474.781
459.576 480.611
467.479 488.435
467.383 489.218
460.598 482.349
464.166 486.032
468.537 490.87
465.883 488.636
460.912 482.073
464.411 486.077
464.941 487.327
465.164 485.445
456.939 478.08
467.934 490.219
450.878 470.927
461.828 483.196
473.893 495.558
475.023 497.783
469.876 492.011
473.894 495.835
468.199 491.234
475.749 498.134
463.9 485.587
478.151 501.685
475.206 497.709
469.826 491.695
475.506 497.246
477.498 499.639
462.989 486.479
466.579 486.444
477.192 499.518
474.003 495.811
470.411 491.396
474.044 496.687
477.117 499.336
483.746 505.775
475.118 496.295
473.609 495.435
476.015 497.621
475.495 497.375
476.073 496.923
486.206 507.339
473.035 494.445
471.298 490.702
472.726 492.801
464.967 484.157
479.288 497.511
484.208 502.799
482.162 502.018
478.055 497.225
489.009 508.433
489.451 508.85
490.06 509.193
489.403 508.132
488.117 507.623
490.712 509.034
488.03 507.449
486.322 505.982
486.358 505.299
483.022 502.029
484.957 504.368
485.451 505.197
488.078 507.979
486.734 505.035
483.484 502.38
464.763 482.173
481.649 500.361
482.117 500.867
487.486 507.15
478.829 496.615
481.518 501.444
484.604 503.366
485.041 504.53
486.28 505.898
484.982 505.048
481.218 500.733
479.343 498.536
485.06 504.714
482.979 502.407
480.318 499.736
483.582 501.609
483.329 502.949
487.379 507.002
486.541 505.343
480.537 499.71
487.628 506.96
488.589 508.705
487.189 506.197
