398.388 413.043
420.2 436.957
427.264 443.962
402.426 417.689
398.35 413.123
433.905 450.254
442.704 459.801
435.532 451.74
438.805 455.269
449.568 466.087
450.15 466.591
440.334 457.755
438.106 455.104
435.989 452.373
438.904 457.02
440.625 457.845
434.814 451.211
448.288 464.962
439.926 457.065
427.052 443.607
431.653 447.803
434.705 450.563
406.109 423.078
426.052 441.865
405.178 420.049
431.7 448.892
445.733 463.278
437.154 454.907
443.922 461.424
445.526 463.736
432.728 451.188
435.335 453.605
416.819 433.858
436.652 455.761
425.615 443.747
403.059 421.405
406.241 423.216
385.412 403.475
377.49 395.434
408.763 427.524
375.031 393.061
403.425 421.983
432.143 451.957
431.95 451.383
426.793 446.599
417.711 437.203
427.286 446.357
440.822 460.321
440.285 460.786
428.237 448.171
434.701 455.223
442.597 463.489
437.57 458.613
429.073 448.236
434.556 454.391
434.77 455.074
434.606 453.871
421.105 440.724
440.775 461.662
410.195 429.078
428.046 447.836
450.395 471.039
451.877 473.656
442.971 463.611
450.762 471.512
440.399 462.047
452.836 473.817
433.219 453.345
458.619 480.892
452.164 473.691
440.665 461.196
452.773 473.623
455.37 476.638
430.562 451.936
435.773 454.519
454.348 475.613
448.736 469.055
441.303 461.384
448.531 469.362
452.744 473.851
466.302 487.718
450.311 470.66
446.439 466.763
450.753 471.228
449.522 470.092
450.466 469.942
469.144 489.928
445.381 465.306
442.018 460.091
442.995 461.239
430.581 448.165
453.942 471.57
462.991 481.073
460.385 479.295
453.339 471.251
473.775 492.566
474.361 493.255
475.153 493.634
473.477 491.748
472.561 491.443
476.456 494.234
471.233 490.377
468.303 487.198
467.123 485.633
460.938 479.039
464.513 483.043
465.811 484.705
471.299 490.28
467.298 485.126
461.259 479.227
427.903 444.563
458.275 476.335
459.351 476.974
470.061 488.92
452.715 469.773
458.748 477.362
464.432 482.203
463.924 482.449
467.344 486.102
464.383 483.529
456.503 474.822
453.272 471.19
464.599 483.397
460.179 478.6
455.502 473.626
460.876 478.152
462.221 480.602
470.34 488.66
467.594 485.658
456.193 474.113
470.758 489.188
473.32 492.619
470.435 488.69
