473.209 491.078
476.801 495.944
477.924 496.649
474.087 492.847
474.558 492.513
480.286 497.815
482.419 500.284
482.1 500.156
481.367 498.481
483.314 500.158
485.517 502.881
482.805 502.26
483.652 501.419
484.606 502.965
484.321 504.784
486.172 504.854
486.95 504.609
487.729 506.114
487.404 505.324
485.769 503.405
486.674 504.905
488.615 504.808
483.913 506.267
486.902 504.842
485.259 502.937
487.329 508.057
490.079 509.389
487.967 509.613
490.647 509.735
489.908 509.146
488.226 511.014
489.919 508.939
487.685 506.45
490.108 511.494
488.499 509.109
484.845 507.575
486.315 507.09
480.402 504.007
479.317 503.024
487.564 508.966
480.53 504.067
485.383 508.178
489.401 511.517
490.084 511.289
490.319 513.182
487.926 511.355
489.293 512.073
492.038 514.054
492.252 515.154
491.102 514.552
491.736 514.505
492.568 516.276
492.039 517.359
492.375 515.152
492.598 515.976
492.48 516.644
495.013 515.281
491.298 513.262
493.426 516.779
491.856 512.322
494.242 516.982
495.972 517.929
496.287 519.806
495.313 518.214
496.144 518.897
494.642 519.125
496.988 520.612
493.221 516.345
496.787 521.87
496.975 519.936
498.079 520.801
497.236 519.177
498.591 521.235
493.153 519.702
497.012 517.103
498.44 521.456
496.793 519.823
498.239 519.319
497.12 522.132
499.155 522.637
500.595 523.159
499.603 521.247
498.605 522.173
499.004 521.45
498.778 521.961
499.049 520.766
502.659 523.668
498.625 521.252
498.881 518.944
500.191 522.398
498.536 519.633
502.806 520.92
504.017 522.532
502.493 523.527
500.429 520.596
503.94 523.85
504.21 523.751
505.089 524.463
505.047 523.581
503.646 523.475
505.49 523.627
504.281 523.782
502.93 523.433
504.77 523.778
503.001 522.589
504.488 524.31
503.5 524.017
504.263 525.213
505.099 523.15
503.861 522.928
501.132 518.334
502.845 521.538
502.982 522.21
504.104 524.124
503.89 521.343
501.841 523.019
503.651 522.948
504.032 523.943
503.435 523.858
503.39 524.443
502.835 523.336
502.981 523.191
503.286 523.606
503.585 523.935
502.4 522.586
504.438 522.091
502.076 523.001
503.618 524.282
504.399 523.312
502.32 523.035
503.554 523.387
503.149 524.297
503.213 522.685
