448.526 465.426
458.683 477.027
461.679 480.008
450.405 467.959
449.114 466.109
465.376 482.86
469.287 487.158
467.232 484.971
467.258 484.437
471.89 488.968
473.201 490.659
469.035 488.076
469.026 486.916
469.003 486.863
469.808 489.409
471.582 490.171
469.968 487.553
475.112 493.113
472.283 490.276
466.86 484.485
469.135 486.913
470.35 487.03
457.795 477.927
466.788 484.1
458.284 475.366
469.408 488.761
475.362 494.402
471.678 491.841
475.608 494.395
475.518 494.848
470.354 491.474
472.152 491.496
464.518 483.133
473.277 494.119
468.173 488.289
457.47 478.637
459.266 478.848
446.865 468.241
442.915 464.235
461.541 482.183
442.734 463.933
457.89 479.318
471.35 492.99
471.205 492.215
469.466 491.42
465.151 487.115
469.797 491.478
475.776 497.178
475.84 498.019
471.031 493.289
473.462 495.791
476.605 499.413
474.8 498.231
471.34 493.158
473.91 496.203
474.403 497.386
475.042 495.511
468.591 490.223
476.56 499.232
464.553 484.856
472.768 494.637
481.2 503.155
482.162 505.164
478.359 500.937
481.228 503.493
477.014 500.509
482.799 505.617
473.775 495.976
484.238 508.258
482.451 505.113
479.218 501.418
482.667 504.588
484.399 506.75
473.31 497.589
476.708 496.739
484.25 506.908
481.733 503.961
479.679 500.838
481.823 505.208
484.539 507.168
489.156 511.371
483.082 504.467
482.019 504.439
483.808 505.702
483.481 505.81
483.937 505.113
491.497 512.667
481.66 503.565
480.632 500.371
482.118 502.777
476.235 495.977
487.191 505.49
490.728 509.409
488.887 509.122
485.636 505.261
493.745 513.394
494.147 513.654
494.769 514.054
494.371 513.146
493.028 512.671
495.276 513.657
493.24 512.698
491.791 511.747
492.327 511.376
489.708 508.977
491.316 510.921
491.398 511.422
493.282 513.488
492.677 511.08
490.264 509.351
476.918 494.458
488.788 507.55
489.096 508.084
492.862 512.685
487.087 504.981
488.398 508.707
490.791 509.877
491.339 511.085
491.985 511.844
491.152 511.486
488.575 508.436
487.291 506.87
491.16 511.068
489.872 509.667
487.835 507.588
490.503 508.585
489.673 509.702
492.585 512.641
492.371 511.268
487.93 507.586
492.78 512.374
493.274 513.693
492.368 511.568
