458.368 475.692
465.883 484.535
468.082 486.607
459.867 477.863
459.181 476.604
471.194 488.8
474.339 492.267
473.033 490.95
472.69 489.921
476.201 493.266
477.775 495.3
474.433 493.653
474.74 492.637
475.101 493.217
475.489 495.435
477.26 495.95
476.627 494.308
480 498.192
478.178 496.227
474.362 492.097
476.108 494.099
477.421 494.041
468.169 489.062
474.687 492.334
468.951 486.388
476.503 496.368
481.103 500.267
478.147 498.818
481.532 500.448
481.142 500.522
477.451 499.177
479.184 498.456
473.748 492.509
479.976 501.062
476.266 496.664
468.373 490.17
469.995 490.06
460.071 482.3
457.245 479.404
471.945 492.912
457.571 479.653
468.86 490.843
478.609 500.501
478.667 499.855
477.735 500.063
474.309 496.832
477.679 499.84
482.252 503.91
482.368 504.849
479.096 501.821
480.78 503.3
482.949 506.064
481.715 505.778
479.604 501.881
481.328 504.046
481.677 505.122
482.868 503.375
477.71 499.561
483.237 506.247
475.456 495.948
481.306 503.585
486.963 508.98
487.688 510.939
485.05 507.802
487.047 509.521
483.953 507.837
488.32 511.471
481.529 504.09
489.058 513.474
488.125 510.938
486.579 509.04
488.329 510.337
489.883 512.425
481.303 506.362
484.642 504.848
489.826 512.649
487.727 510.271
486.975 508.218
487.934 511.885
490.325 513.262
493.518 515.873
489.479 511.006
488.578 511.416
489.848 511.969
489.589 512.243
489.959 511.375
495.723 516.886
488.404 510.591
487.862 507.829
489.353 510.607
485.101 505.34
493.342 511.666
495.873 514.571
494.187 514.721
491.516 511.391
497.582 517.359
497.921 517.501
498.628 517.962
498.389 517.136
497.025 516.801
499.027 517.392
497.432 516.942
496.108 516.286
497.079 516.191
494.919 514.356
496.374 516.101
496.107 516.32
497.459 517.94
497.411 515.758
495.559 514.706
486.535 504.041
494.291 513.1
494.53 513.669
497.154 517.071
493.618 511.448
493.728 514.348
495.792 514.969
496.286 516.15
496.448 516.511
495.937 516.565
494.255 514.354
493.484 513.324
495.904 515.999
495.237 515.27
493.616 513.561
495.924 513.967
494.577 514.919
496.801 517.098
496.972 515.931
493.674 513.723
496.89 516.604
497.026 517.698
496.509 515.848
